# Start date (t3): 2016-02-01
# Target Entropy: 8192

# Draw Id                       m  n  draw
2016-02-01_au_monday_lotto      6  45 31,29,43,36,41,13
2016-02-01_nz_keno_1            20 80 25,40,42,41,17,65,73,2,44,12,26,75,71,19,24,66,6,52,74,11
2016-02-01_fr_loto              5  49 18,36,13,40,48
2016-02-01_br_quina             5  80 22,70,25,10,79
2016-02-01_ca_daily_keno_midday 20 70 6,12,13,14,15,16,18,23,24,26,32,33,38,41,42,44,49,50,61,62
2016-02-01_nz_keno_2            20 80 57,72,67,55,76,68,56,3,58,10,52,50,30,36,24,49,40,74,37,65
2016-02-01_de_keno              20 70 1,8,13,16,17,19,21,22,24,30,31,33,38,40,42,51,53,59,63,68
2016-02-01_br_lotofacil         15 25 12,23,17,8,14,6,9,4,1,3,13,2,20,7,15
2016-02-01_fr_keno_midday       20 70 1,2,7,12,20,21,23,25,37,38,41,42,44,47,51,56,58,59,60,68
2016-02-01_nz_keno_3            20 80 56,59,74,10,38,29,63,12,65,32,64,68,39,22,55,77,26,6,34,28
2016-02-01_ca_daily_keno_night  20 70 1,6,16,18,21,27,29,32,40,44,47,50,55,56,58,61,65,66,69,70
2016-02-01_es_bonoloto          6  49 8,20,37,40,44,45
2016-02-01_nz_keno_4            20 80 24,48,3,39,72,75,43,8,20,79,63,33,71,16,6,64,34,69,67,13
2016-02-01_fr_keno_night        20 70 1,4,5,7,12,13,17,21,26,29,35,37,38,43,46,47,50,58,62,64
2016-02-01_us_ny_cash_4_life    5  60 2,9,22,43,44
2016-02-02_nz_keno_1            20 80 53,9,57,38,8,74,51,7,80,2,62,49,61,48,15,10,1,17,19,22
2016-02-02_br_quina             5  80 63,46,27,17,21
2016-02-02_au_oz_lotto          7  45 5,7,9,44,22,2,19
2016-02-02_ca_daily_keno_midday 20 70 6,7,8,11,14,20,22,27,32,34,35,41,42,48,53,54,57,58,61,63
2016-02-02_it_super_enalotto    6  90 19,38,40,56,65,80
2016-02-02_nz_keno_2            20 80 22,51,44,71,78,56,47,74,6,2,41,55,8,38,68,26,67,54,5,60
2016-02-02_de_keno              20 70 4,6,10,11,12,13,14,17,23,24,29,31,34,41,43,45,53,57,61,64
2016-02-02_fr_keno_midday       20 70 1,2,5,9,10,21,24,25,30,32,34,46,47,49,50,54,55,56,61,65
2016-02-02_nz_keno_3            20 80 9,48,64,30,16,34,79,24,74,46,32,53,13,47,10,2,50,12,52,57
2016-02-02_eu_euromillions      5  50 36,21,10,6,9
2016-02-02_ca_daily_keno_night  20 70 15,19,20,25,26,28,41,42,44,46,49,53,58,61,62,65,67,68,69,70
2016-02-02_br_dupla_sena        6  50 36,49,50,21,12,25
2016-02-02_es_bonoloto          6  49 4,6,14,31,33,46
2016-02-02_us_mega_millions     5  75 7,13,25,51,70
2016-02-02_nz_keno_4            20 80 22,19,48,78,28,8,73,53,17,16,58,38,49,11,70,55,5,46,18,62
2016-02-02_fr_keno_night        20 70 2,4,8,9,11,14,19,23,28,30,33,40,44,47,50,53,62,66,68,69
2016-02-02_uk_health_lottery    5  50 1,19,29,38,43
2016-02-03_nz_keno_1            20 80 36,74,31,5,21,39,66,14,48,38,32,6,55,77,15,42,45,16,60,58
2016-02-03_us_hot_lotto         5  47 10,34,20,44,38
2016-02-03_fr_loto              5  49 5,44,24,28,25
2016-02-03_nz_lotto             6  40 10,15,14,5,18,11
2016-02-03_br_quina             5  80 49,22,7,76,52
2016-02-03_ca_daily_keno_midday 20 70 2,9,12,15,16,17,19,20,21,22,31,41,52,54,56,59,60,62,64,65
2016-02-03_nz_keno_2            20 80 23,76,43,19,56,12,36,22,9,69,52,46,62,8,63,78,45,74,35,51
2016-02-03_ch_loto              6  42 15,17,19,33,37,38
2016-02-03_de_keno              20 70 5,8,9,12,15,21,22,23,29,37,38,40,41,46,49,52,54,56,58,66
2016-02-03_us_wild_card         5  33 11,7,4,21,19
2016-02-03_br_lotofacil         15 25 5,19,15,14,22,25,6,11,9,3,17,23,8,10,13
2016-02-03_fr_keno_midday       20 70 3,6,10,11,16,19,21,25,28,33,35,37,38,42,44,49,51,56,61,64
2016-02-03_be_lotto             6  45 6,11,23,24,29,38
2016-02-03_nz_keno_3            20 80 49,52,28,13,15,10,34,7,38,67,56,6,39,60,26,71,4,33,37,62
2016-02-03_us_powerball         5  69 26,60,67,31,28
2016-02-03_de_lotto             6  49 10,18,19,31,33,47
2016-02-03_au_wednesday_lotto   6  45 28,14,30,35,8,25
2016-02-03_ca_daily_keno_night  20 70 3,9,12,25,29,30,31,34,35,39,40,41,44,45,46,55,57,58,64,65
2016-02-03_es_bonoloto          6  49 25,35,36,40,43,45
2016-02-03_nz_keno_4            20 80 73,11,32,56,3,4,64,31,12,22,10,62,28,76,27,70,41,15,69,6
2016-02-03_us_ny_lotto          6  59 13,14,20,34,41,49
2016-02-03_fr_keno_night        20 70 3,7,9,12,14,15,20,21,30,38,44,52,56,57,58,61,62,67,68,70
2016-02-03_uk_health_lottery    5  50 7,13,20,29,32
2016-02-03_br_mega_sena         6  60 None
2016-02-03_ca_loto_649          6  49 20,23,34,38,43,47
2016-02-04_nz_keno_1            20 80 41,59,23,65,5,47,76,78,21,10,80,49,2,9,30,61,12,55,13,15
2016-02-04_br_quina             5  80 3,43,55,6,7
2016-02-04_ca_daily_keno_midday 20 70 2,4,9,10,15,16,27,29,31,35,36,37,38,52,56,58,59,63,66,69
2016-02-04_it_super_enalotto    6  90 7,21,31,39,46,69
2016-02-04_nz_keno_2            20 80 79,72,76,18,2,8,80,1,53,41,70,58,10,34,7,29,3,51,43,21
2016-02-04_es_la_primitiva      6  49 3,5,22,33,39,40
2016-02-04_de_keno              20 70 4,6,11,12,13,14,18,20,21,22,30,36,55,56,59,60,61,62,63,66
2016-02-04_fr_keno_midday       20 70 5,15,16,17,18,19,21,22,27,29,34,37,49,51,53,54,55,64,65,66
2016-02-04_nz_keno_3            20 80 24,33,17,65,27,46,11,70,56,55,34,66,15,5,72,78,31,36,76,25
2016-02-04_ca_daily_keno_night  20 70 1,5,16,23,24,25,30,31,32,34,35,37,38,42,48,55,57,59,62,66
2016-02-04_es_bonoloto          6  49 4,8,23,30,42,47
2016-02-04_nz_keno_4            20 80 40,68,73,32,24,70,79,5,45,7,80,55,47,65,31,36,14,63,37,11
2016-02-04_au_powerball         6  40 20,6,18,17,36,10
2016-02-04_fr_keno_night        20 70 2,6,21,24,28,29,31,36,39,40,44,46,48,51,52,56,58,61,62,67
2016-02-04_uk_health_lottery    5  50 2,16,17,38,39
2016-02-04_us_ny_cash_4_life    5  60 8,12,23,40,54
2016-02-05_nz_keno_1            20 80 29,72,5,19,1,79,27,24,9,21,23,58,34,51,49,16,70,56,41,10
2016-02-05_de_euro_jackpot      5  50 10,25,35,37,43
2016-02-05_br_quina             5  80 51,25,32,1,27
2016-02-05_ca_daily_keno_midday 20 70 1,6,7,14,19,29,31,32,37,40,45,52,53,57,58,59,60,63,69,70
2016-02-05_nz_keno_2            20 80 35,72,55,15,52,12,19,26,16,3,48,10,4,18,62,68,49,74,59,56
2016-02-05_ca_loto_max          7  49 6,7,8,9,17,23,30
2016-02-05_de_keno              20 70 1,5,12,17,18,19,20,21,23,24,25,27,38,46,49,50,51,55,63,65
2016-02-05_br_lotofacil         15 25 17,5,16,22,23,4,11,21,9,12,15,3,13,2,25
2016-02-05_fr_keno_midday       20 70 1,4,5,9,10,12,13,18,24,25,28,29,31,37,39,46,50,51,61,63
2016-02-05_nz_keno_3            20 80 49,62,9,10,6,75,45,20,46,30,22,59,73,40,32,55,34,66,15,2
2016-02-05_eu_euromillions      5  50 46,32,27,3,41
2016-02-05_ca_daily_keno_night  20 70 5,13,14,15,18,29,30,33,35,36,40,48,49,52,54,60,63,64,68,70
2016-02-05_br_dupla_sena        6  50 10,8,33,13,42,12
2016-02-05_es_bonoloto          6  49 16,24,34,41,42,43
2016-02-05_us_mega_millions     5  75 4,6,23,55,75
2016-02-05_nz_keno_4            20 80 34,12,15,20,70,31,61,45,68,47,38,48,60,78,69,79,71,7,63,75
2016-02-05_fr_keno_night        20 70 4,5,9,14,16,20,21,29,32,33,34,35,41,47,48,50,51,53,66,69
2016-02-05_uk_health_lottery    5  50 5,15,28,31,37
2016-02-06_nz_keno_1            20 80 45,57,59,62,2,77,49,28,68,35,48,43,16,73,6,67,63,74,1,26
2016-02-06_us_hot_lotto         5  47 6,13,43,38,12
2016-02-06_fr_loto              5  49 44,25,2,41,28
2016-02-06_nz_lotto             6  40 36,37,34,30,8,28
2016-02-06_br_quina             5  80 69,37,24,45,27
2016-02-06_ca_daily_keno_midday 20 70 2,7,8,10,11,14,20,27,28,31,33,37,41,48,52,57,62,63,67,69
2016-02-06_it_super_enalotto    6  90 10,24,36,63,77,89
2016-02-06_nz_keno_2            20 80 5,46,21,75,67,10,60,2,48,33,57,38,62,51,42,12,8,27,4,73
2016-02-06_ch_loto              6  42 1,12,16,21,24,29
2016-02-06_es_la_primitiva      6  49 6,11,20,26,38,46
2016-02-06_de_keno              20 70 6,9,10,11,19,21,23,25,26,31,32,38,43,51,54,56,57,61,62,64
2016-02-06_us_wild_card         5  33 17,28,5,7,20
2016-02-06_fr_keno_midday       20 70 1,5,6,11,12,16,20,21,23,25,27,28,31,32,33,40,42,47,56,61
2016-02-06_be_lotto             6  45 1,9,21,30,39,41
2016-02-06_ca_lottario          6  45 9,15,18,32,34,36
2016-02-06_nz_keno_3            20 80 27,33,63,47,78,71,2,68,22,30,6,75,5,32,59,42,62,77,41,7
2016-02-06_us_powerball         5  69 13,4,36,31,52
2016-02-06_de_lotto             6  49 10,16,25,28,34,49
2016-02-06_ca_daily_keno_night  20 70 2,5,8,11,15,17,18,39,40,41,45,51,53,57,58,60,62,63,64,67
2016-02-06_es_bonoloto          6  49 6,9,18,20,23,32
2016-02-06_nz_keno_4            20 80 9,38,55,67,26,8,45,19,18,44,49,69,32,30,16,62,29,39,72,41
2016-02-06_mu_loto              6  40 2,15,18,20,24,33
2016-02-06_us_ny_lotto          6  59 1,14,25,37,41,53
2016-02-06_fr_keno_night        20 70 1,3,9,10,13,15,18,19,24,26,30,33,39,45,50,60,62,63,67,69
2016-02-06_au_saturday_lotto    6  45 4,43,39,26,40,33
2016-02-06_uk_health_lottery    5  50 7,30,41,45,50
2016-02-06_br_mega_sena         6  60 42,45,56,13,3,59
2016-02-06_nl_lotto             6  45 2,25,27,36,41,45
2016-02-06_ca_loto_649          6  49 7,19,25,26,31,44
2016-02-07_nz_keno_1            20 80 26,77,10,44,57,36,54,72,19,50,16,11,61,52,17,58,66,73,55,42
2016-02-07_ca_daily_keno_midday 20 70 5,8,17,18,19,22,23,27,31,33,36,40,42,44,45,48,56,63,68,70
2016-02-07_nz_keno_2            20 80 11,65,21,3,22,25,6,33,44,62,39,54,36,56,73,60,17,34,45,71
2016-02-07_de_keno              20 70 1,4,5,6,8,13,15,34,36,38,39,40,45,47,53,55,59,60,64,66
2016-02-07_fr_keno_midday       20 70 4,8,14,15,17,20,21,24,26,27,32,34,43,49,51,57,58,60,63,66
2016-02-07_nz_keno_3            20 80 29,5,26,19,47,62,67,70,80,40,4,17,27,63,1,30,53,7,43,32
2016-02-07_ca_daily_keno_night  20 70 4,5,11,16,17,18,25,28,34,38,40,42,44,45,52,56,61,64,67,70
2016-02-07_nz_keno_4            20 80 15,4,26,43,22,10,54,59,2,35,40,64,61,13,67,29,8,45,21,51
2016-02-07_es_el_gordo          5  54 3,14,40,49,51
2016-02-07_fr_keno_night        20 70 2,6,12,13,14,16,20,23,24,35,39,41,43,46,48,55,58,64,65,67
2016-02-08_au_monday_lotto      6  45 33,11,13,31,45,40
2016-02-08_nz_keno_1            20 80 45,63,6,9,59,68,39,75,32,79,27,48,8,28,15,78,74,70,51,66
2016-02-08_fr_loto              5  49 30,1,28,39,11
2016-02-08_br_quina             5  80 None
2016-02-08_ca_daily_keno_midday 20 70 2,3,7,12,13,14,23,24,25,29,36,40,42,45,49,50,56,60,66,69
2016-02-08_nz_keno_2            20 80 69,68,55,41,50,29,26,67,19,44,79,22,64,32,35,71,63,33,11,76
2016-02-08_de_keno              20 70 2,3,4,18,25,28,32,34,35,41,43,46,49,51,54,59,64,65,69,70
2016-02-08_br_lotofacil         15 25 None
2016-02-08_fr_keno_midday       20 70 4,5,9,10,16,18,20,21,24,33,37,38,41,42,45,47,49,56,57,69
2016-02-08_nz_keno_3            20 80 69,29,63,37,13,24,34,22,75,14,70,45,59,3,41,79,46,68,74,43
2016-02-08_ca_daily_keno_night  20 70 1,3,6,8,11,12,19,20,24,29,31,35,37,40,48,51,55,56,59,66
2016-02-08_es_bonoloto          6  49 1,4,9,10,26,32
2016-02-08_nz_keno_4            20 80 7,8,64,71,41,59,43,61,68,72,37,75,76,22,79,6,55,63,19,78
2016-02-08_fr_keno_night        20 70 1,7,9,17,18,20,26,28,32,34,37,38,41,47,50,60,61,67,69,70
2016-02-08_us_ny_cash_4_life    5  60 13,23,48,57,59
2016-02-09_nz_keno_1            20 80 32,67,57,38,63,73,60,70,14,74,2,59,28,54,75,11,44,30,9,33
2016-02-09_br_quina             5  80 None
2016-02-09_au_oz_lotto          7  45 22,6,35,37,11,30,40
2016-02-09_ca_daily_keno_midday 20 70 1,4,6,8,17,25,27,32,34,38,39,43,44,45,46,51,53,58,59,67
2016-02-09_it_super_enalotto    6  90 11,26,46,56,58,78
2016-02-09_nz_keno_2            20 80 6,49,33,44,75,38,22,15,60,76,70,19,71,47,26,4,17,59,61,32
2016-02-09_de_keno              20 70 5,7,9,13,18,21,22,24,26,27,31,47,52,54,57,58,59,62,67,70
2016-02-09_fr_keno_midday       20 70 4,5,10,14,21,24,25,27,28,30,32,33,42,49,59,62,63,65,66,69
2016-02-09_nz_keno_3            20 80 58,29,45,72,47,57,70,40,21,6,19,55,52,13,33,73,54,75,8,60
2016-02-09_eu_euromillions      5  50 9,6,13,28,37
2016-02-09_ca_daily_keno_night  20 70 1,9,12,30,32,33,34,36,37,38,40,47,51,53,54,59,64,65,66,70
2016-02-09_br_dupla_sena        6  50 None
2016-02-09_es_bonoloto          6  49 6,7,21,24,25,40
2016-02-09_us_mega_millions     5  75 3,42,46,56,71
2016-02-09_nz_keno_4            20 80 49,73,37,33,53,58,67,38,39,12,71,29,54,41,60,42,65,43,28,11
2016-02-09_fr_keno_night        20 70 2,9,12,13,17,27,31,32,35,38,39,47,48,53,57,59,63,64,66,70
2016-02-09_uk_health_lottery    5  50 3,14,19,25,26
2016-02-10_nz_keno_1            20 80 73,43,10,30,31,62,49,17,32,19,14,77,68,76,48,61,75,46,42,56
2016-02-10_us_hot_lotto         5  47 6,28,45,47,40
2016-02-10_fr_loto              5  49 44,46,1,27,48
2016-02-10_nz_lotto             6  40 18,17,13,19,11,12
2016-02-10_br_quina             5  80 50,33,10,14,62
2016-02-10_ca_daily_keno_midday 20 70 9,20,21,23,24,25,26,29,33,37,42,47,50,51,52,60,61,64,65,68
2016-02-10_nz_keno_2            20 80 11,3,64,59,27,25,79,30,71,32,43,47,18,55,37,22,21,56,39,16
2016-02-10_ch_loto              6  42 3,11,15,18,25,32
2016-02-10_de_keno              20 70 1,2,3,5,9,12,26,27,30,35,37,40,45,47,49,50,51,59,63,64
2016-02-10_us_wild_card         5  33 14,3,33,13,19
2016-02-10_br_lotofacil         15 25 4,20,10,3,23,6,13,24,9,11,14,2,18,7,19
2016-02-10_fr_keno_midday       20 70 1,4,8,13,15,23,24,28,30,33,34,36,41,42,46,48,55,57,65,69
2016-02-10_be_lotto             6  45 9,10,11,25,33,45
2016-02-10_nz_keno_3            20 80 29,71,21,69,24,34,48,77,33,1,60,44,30,51,10,11,31,59,46,17
2016-02-10_us_powerball         5  69 2,62,40,50,3
2016-02-10_de_lotto             6  49 2,17,19,32,34,38
2016-02-10_au_wednesday_lotto   6  45 34,1,11,30,16,32
2016-02-10_ca_daily_keno_night  20 70 4,5,16,21,26,27,32,35,40,41,43,46,50,53,54,55,60,62,65,68
2016-02-10_es_bonoloto          6  49 2,21,23,28,29,45
2016-02-10_nz_keno_4            20 80 29,56,64,37,42,70,17,57,66,18,25,79,77,8,7,16,44,22,41,45
2016-02-10_us_ny_lotto          6  59 11,14,21,28,40,49
2016-02-10_fr_keno_night        20 70 1,5,7,8,16,25,26,29,31,32,33,39,45,46,52,54,57,66,67,70
2016-02-10_uk_health_lottery    5  50 1,18,21,36,50
2016-02-10_br_mega_sena         6  60 57,59,6,25,43,58
2016-02-10_ca_loto_649          6  49 8,13,33,34,38,43
2016-02-11_nz_keno_1            20 80 6,9,16,22,23,25,26,30,33,36,45,49,52,54,58,63,67,69,71,77
2016-02-11_br_quina             5  80 44,15,74,18,55
2016-02-11_ca_daily_keno_midday 20 70 6,13,14,22,25,29,33,34,38,39,42,45,47,48,56,57,61,63,65,66
2016-02-11_it_super_enalotto    6  90 17,27,45,53,71,74
2016-02-11_nz_keno_2            20 80 4,5,8,11,12,16,18,28,30,31,36,42,44,46,49,53,56,61,68,73
2016-02-11_es_la_primitiva      6  49 2,12,18,34,37,46
2016-02-11_de_keno              20 70 1,2,4,12,13,17,20,23,25,26,30,32,44,46,51,52,54,63,64,70
2016-02-11_fr_keno_midday       20 70 8,9,12,15,16,24,26,31,34,42,45,47,48,54,55,59,63,65,68,70
2016-02-11_nz_keno_3            20 80 3,6,7,9,21,26,30,32,34,35,44,46,47,49,53,58,59,66,73,76
2016-02-11_ca_daily_keno_night  20 70 11,13,21,24,33,35,36,39,43,48,51,52,53,56,58,62,66,67,69,70
2016-02-11_es_bonoloto          6  49 4,5,10,15,35,47
2016-02-11_nz_keno_4            20 80 1,3,6,10,16,21,29,32,34,36,41,53,59,64,65,68,69,72,74,76
2016-02-11_au_powerball         6  40 1,8,21,30,22,33
2016-02-11_fr_keno_night        20 70 3,4,5,10,11,16,19,23,25,30,36,37,39,40,44,54,59,61,65,69
2016-02-11_uk_health_lottery    5  50 1,25,27,32,38
2016-02-11_us_ny_cash_4_life    5  60 6,31,35,40,55
2016-02-12_nz_keno_1            20 80 3,5,8,13,16,18,20,21,23,24,26,29,30,34,36,47,51,63,64,72
2016-02-12_de_euro_jackpot      5  50 7,20,21,33,41
2016-02-12_br_quina             5  80 5,27,31,35,53
2016-02-12_ca_daily_keno_midday 20 70 8,10,11,18,22,31,32,35,37,38,39,43,46,47,48,50,56,57,66,68
2016-02-12_nz_keno_2            20 80 4,9,13,22,23,25,27,28,30,37,38,40,44,52,54,63,69,70,79,80
2016-02-12_ca_loto_max          7  49 19,20,26,31,34,39,48
2016-02-12_de_keno              20 70 2,4,10,12,22,23,24,25,27,32,42,48,49,54,55,57,58,59,62,66
2016-02-12_br_lotofacil         15 25 1,2,6,7,8,9,11,13,15,16,17,18,21,24,25
2016-02-12_fr_keno_midday       20 70 7,11,23,24,25,30,32,37,42,43,46,47,49,51,52,56,57,58,63,70
2016-02-12_nz_keno_3            20 80 3,4,7,13,25,34,37,43,45,47,56,65,66,67,68,69,70,71,74,78
2016-02-12_eu_euromillions      5  50 31,49,28,20,3
2016-02-12_ca_daily_keno_night  20 70 8,10,19,20,21,22,27,28,33,36,41,43,44,47,48,50,56,62,64,69
2016-02-12_br_dupla_sena        6  50 11,22,25,29,33,49
2016-02-12_es_bonoloto          6  49 8,22,28,29,34,39
2016-02-12_us_mega_millions     5  75 1,7,44,68,73
2016-02-12_nz_keno_4            20 80 3,8,9,13,16,25,38,41,42,47,48,49,51,57,68,70,73,77,79,80
2016-02-12_fr_keno_night        20 70 1,2,7,8,9,17,20,25,28,30,31,32,45,48,49,51,56,57,61,69
2016-02-12_uk_health_lottery    5  50 7,28,32,44,49
2016-02-13_nz_keno_1            20 80 3,8,10,14,18,19,22,24,33,38,42,45,46,50,64,69,70,73,78,80
2016-02-13_us_hot_lotto         5  47 37,2,28,13,32
2016-02-13_fr_loto              5  49 38,30,27,41,10
2016-02-13_nz_lotto             6  40 3,7,8,9,17,35
2016-02-13_br_quina             5  80 19,28,46,50,58
2016-02-13_ca_daily_keno_midday 20 70 7,8,9,12,14,15,17,25,34,36,37,42,43,53,54,55,56,57,58,67
2016-02-13_it_super_enalotto    6  90 2,30,49,66,74,80
2016-02-13_nz_keno_2            20 80 1,3,20,22,23,24,28,30,31,36,38,44,58,62,63,67,70,73,76,78
2016-02-13_ch_loto              6  42 1,5,12,19,38,39
2016-02-13_es_la_primitiva      6  49 27,30,34,43,46,49
2016-02-13_de_keno              20 70 3,9,10,11,13,17,30,32,33,40,43,48,49,52,55,58,59,61,62,63
2016-02-13_us_wild_card         5  33 24,25,16,21,3
2016-02-13_fr_keno_midday       20 70 1,2,12,14,15,22,25,26,29,32,34,35,36,37,40,45,47,54,58,59
2016-02-13_be_lotto             6  45 6,17,21,32,34,44
2016-02-13_ca_lottario          6  45 20,21,22,23,30,35
2016-02-13_nz_keno_3            20 80 5,16,19,23,25,26,36,37,38,45,55,58,62,64,67,71,72,73,76,77
2016-02-13_us_powerball         5  69 7,15,36,18,19
2016-02-13_de_lotto             6  49 18,20,30,32,43,45
2016-02-13_ca_daily_keno_night  20 70 1,2,6,7,25,26,28,30,33,36,39,40,43,44,48,51,59,63,66,69
2016-02-13_es_bonoloto          6  49 3,5,7,10,17,48
2016-02-13_nz_keno_4            20 80 1,4,6,8,12,14,25,27,33,34,35,39,45,47,50,59,65,68,76,80
2016-02-13_mu_loto              6  40 6,21,25,30,33,35
2016-02-13_us_ny_lotto          6  59 5,11,15,33,39,40
2016-02-13_fr_keno_night        20 70 1,6,7,12,16,20,21,26,30,33,34,35,37,48,50,54,57,60,63,68
2016-02-13_au_saturday_lotto    6  45 2,43,27,25,28,8
2016-02-13_uk_health_lottery    5  50 4,18,33,34,38
2016-02-13_br_mega_sena         6  60 11,13,26,27,28,50
2016-02-13_nl_lotto             6  45 6,10,25,28,34,36
2016-02-13_ca_loto_649          6  49 2,9,25,27,31,42
2016-02-14_nz_keno_1            20 80 1,14,15,16,27,29,34,35,39,43,46,53,55,57,64,70,71,75,77,80
2016-02-14_ca_daily_keno_midday 20 70 4,6,7,9,20,37,38,42,44,47,50,52,53,58,59,62,65,67,69,70
2016-02-14_nz_keno_2            20 80 3,4,6,7,11,16,17,18,23,32,33,36,53,56,62,66,67,70,74,77
2016-02-14_de_keno              20 70 4,6,9,13,15,16,27,29,31,33,34,35,45,46,53,55,56,59,63,68
2016-02-14_fr_keno_midday       20 70 1,4,5,6,9,15,17,22,34,40,44,49,53,58,59,60,62,63,69,70
2016-02-14_nz_keno_3            20 80 2,10,12,15,17,23,26,29,31,35,42,47,50,56,62,65,67,71,74,80
2016-02-14_ca_daily_keno_night  20 70 4,6,8,9,13,16,23,29,32,34,37,42,43,46,51,52,56,58,67,68
2016-02-14_nz_keno_4            20 80 12,19,22,28,32,33,34,35,36,40,43,47,49,57,60,64,66,70,76,80
2016-02-14_es_el_gordo          5  54 12,21,22,25,39
2016-02-14_fr_keno_night        20 70 4,5,8,11,14,18,21,22,24,27,29,35,38,47,52,53,56,57,66,67
