
# Start date (t3): 2015-10-01
# Target Entropy: 8192

# Draw Id                       m  n  draw                                                                             
2015-10-01_au_powerball         6  40 3,5,16,17,27,40                                                                  
2015-10-01_br_quina             5  80 23,32,56,76,77                                                                   
2015-10-01_ca_daily_keno_midday 20 70 15,17,18,19,21,27,28,29,33,38,41,49,50,54,56,58,59,65,69,70                      
2015-10-01_ca_daily_keno_night  20 70 1,4,7,11,19,20,29,30,32,33,34,40,41,45,46,48,50,53,54,58                         
2015-10-01_de_keno              20 70 5,9,19,20,21,23,25,27,33,35,38,43,49,52,55,56,58,59,65,70                        
2015-10-01_es_bonoloto          6  49 6,10,18,20,40,41                                                                 
2015-10-01_es_la_primitiva      6  49 11,17,30,39,45,49                                                                
2015-10-01_fr_keno_midday       20 70 1,2,4,9,12,16,20,29,36,38,43,46,47,52,53,57,60,65,68,69                          
2015-10-01_fr_keno_night        20 70 1,4,5,6,10,11,13,17,22,27,38,39,41,42,43,48,51,53,58,62                          
2015-10-01_it_super_enalotto    6  90 2,17,21,49,69,74                                                                 
2015-10-01_nz_keno_1            20 80 6,11,18,22,23,24,25,28,29,30,35,39,46,55,57,69,72,76,77,78                       
2015-10-01_nz_keno_2            20 80 5,6,7,11,13,15,19,20,21,24,25,32,33,34,38,43,47,49,57,79                         
2015-10-01_nz_keno_3            20 80 4,9,10,11,17,19,24,25,27,29,30,36,38,39,40,46,51,53,61,78                        
2015-10-01_nz_keno_4            20 80 5,10,20,23,24,26,31,33,35,37,38,41,44,45,50,59,60,70,76,79                       
2015-10-01_us_ny_cash_4_life    5  60 25,37,39,47,55                                                                   
2015-10-02_br_dupla_sena        6  50 2,12,27,34,35,47                                                                 
2015-10-02_br_lotofacil         15 25 1,2,3,5,6,8,9,10,11,13,14,15,20,23,24                                            
2015-10-02_br_quina             5  80 10,27,47,65,74                                                                   
2015-10-02_ca_daily_keno_midday 20 70 3,4,6,15,19,21,22,29,30,31,40,43,44,47,48,56,59,62,63,70                         
2015-10-02_ca_daily_keno_night  20 70 1,7,8,14,19,20,21,22,26,34,37,44,46,51,55,58,61,64,68,70                         
2015-10-02_ca_loto_max          7  49 10,12,24,26,34,43,47                                                             
2015-10-02_de_euro_jackpot      5  50 7,9,28,39,47                                                                     
2015-10-02_de_keno              20 70 3,5,6,13,17,21,23,29,32,37,39,42,45,49,51,54,58,64,68,70                         
2015-10-02_es_bonoloto          6  49 7,17,24,26,28,39                                                                 
2015-10-02_eu_euromillions      5  50 7,18,21,32,35                                                                    
2015-10-02_fr_keno_midday       20 70 1,8,10,11,17,23,25,32,34,36,42,45,47,51,57,58,63,64,66,68                        
2015-10-02_fr_keno_night        20 70 1,6,12,20,30,32,42,44,48,49,50,51,55,57,58,60,64,65,66,67                        
2015-10-02_nz_keno_1            20 80 4,6,10,17,18,19,22,28,32,35,42,47,48,50,57,62,63,68,77,80                        
2015-10-02_nz_keno_2            20 80 10,13,18,21,30,33,35,39,42,43,45,46,49,50,56,61,62,63,64,65                      
2015-10-02_nz_keno_3            20 80 4,6,12,14,17,24,25,27,30,35,39,47,49,53,54,60,65,66,69,78                        
2015-10-02_nz_keno_4            20 80 4,12,20,21,22,23,29,34,36,38,40,42,50,51,52,59,60,68,73,77                       
2015-10-02_us_mega_millions     5  75 4,14,29,31,47                                                                    
2015-10-03_au_saturday_lotto    6  45 3,6,7,21,22,43                                                                   
2015-10-03_be_lotto             6  45 10,19,28,29,37,45                                                                
2015-10-03_br_mega_sena         6  60 6,33,34,48,53,59                                                                 
2015-10-03_br_quina             5  80 35,43,47,56,57                                                                   
2015-10-03_ca_daily_keno_midday 20 70 1,2,3,4,11,16,17,19,28,29,32,35,36,42,48,51,54,57,59,64                          
2015-10-03_ca_daily_keno_night  20 70 13,16,24,25,28,29,32,33,35,42,43,46,47,49,51,52,56,57,58,68                      
2015-10-03_ca_loto_649          6  49 1,3,15,27,31,36                                                                  
2015-10-03_ca_lottario          6  45 3,5,10,34,37,44                                                                  
2015-10-03_ch_loto              6  42 4,5,9,14,24,26                                                                   
2015-10-03_de_keno              20 70 4,10,14,19,20,23,26,27,35,39,40,41,43,47,48,55,56,60,64,67                       
2015-10-03_de_lotto             6  49 18,31,32,33,40,41                                                                
2015-10-03_es_bonoloto          6  49 3,4,12,20,25,32                                                                  
2015-10-03_es_la_primitiva      6  49 1,19,21,28,45,48                                                                 
2015-10-03_fr_keno_midday       20 70 3,4,9,10,11,12,14,15,20,23,24,25,29,30,37,45,50,56,67,70                         
2015-10-03_fr_keno_night        20 70 2,4,5,9,11,19,23,28,31,34,35,38,43,56,58,59,64,65,68,70                          
2015-10-03_fr_loto              5  49 8,18,20,27,37                                                                    
2015-10-03_it_super_enalotto    6  90 2,4,14,31,43,61                                                                  
2015-10-03_mu_loto              6  40 8,19,23,28,29,40                                                                 
2015-10-03_nl_lotto             6  45 15,24,40,41,42,43                                                                
2015-10-03_nz_keno_1            20 80 6,7,11,13,29,33,35,36,37,43,44,46,48,51,54,57,66,73,74,75                        
2015-10-03_nz_keno_2            20 80 3,5,9,12,14,15,17,18,24,25,29,32,34,39,41,44,48,67,68,71                         
2015-10-03_nz_keno_3            20 80 10,15,16,24,28,31,33,41,42,49,50,51,54,63,64,65,67,69,71,80                      
2015-10-03_nz_keno_4            20 80 1,3,5,10,12,16,18,26,27,39,52,53,55,57,58,59,61,67,77,80                         
2015-10-03_nz_lotto             6  40 1,17,22,23,26,38                                                                 
2015-10-03_uk_health_lottery    5  50 1,15,27,30,44                                                                    
2015-10-03_us_hot_lotto         5  47 8,33,41,43,47                                                                    
2015-10-03_us_ny_lotto          6  59 8,39,41,54,57,59                                                                 
2015-10-03_us_powerball         5  69 6,26,33,44,46                                                                    
2015-10-03_us_wild_card         5  33 2,7,11,16,29                                                                     
2015-10-04_ca_daily_keno_midday 20 70 1,6,14,20,21,25,26,30,34,37,38,40,44,48,56,57,59,61,66,68                        
2015-10-04_ca_daily_keno_night  20 70 1,3,5,6,12,14,16,18,19,20,23,41,46,49,52,54,55,63,66,67                          
2015-10-04_de_keno              20 70 2,4,6,8,10,19,20,21,22,24,31,36,42,43,47,51,66,67,68,70                          
2015-10-04_es_el_gordo          5  54 9,18,25,39,42                                                                    
2015-10-04_fr_keno_midday       20 70 3,8,9,13,16,17,18,19,28,30,33,36,44,48,49,51,53,55,57,60                         
2015-10-04_fr_keno_night        20 70 2,4,5,6,9,17,20,26,27,30,31,36,37,40,52,58,60,63,67,68                           
2015-10-04_nz_keno_1            20 80 1,2,3,8,9,15,21,24,29,38,45,49,50,59,60,64,69,73,75,77                           
2015-10-04_nz_keno_2            20 80 6,11,15,27,28,36,38,41,45,46,48,53,56,65,67,72,74,76,79,80                       
2015-10-04_nz_keno_3            20 80 2,5,6,15,22,25,40,41,42,46,54,57,58,59,60,61,66,71,74,76                         
2015-10-04_nz_keno_4            20 80 2,6,8,12,22,23,34,36,38,41,43,46,47,54,55,59,61,63,66,74                         
2015-10-05_au_monday_lotto      6  45 4,14,15,16,27,36                                                                 
2015-10-05_br_lotofacil         15 25 2,3,5,6,7,9,11,12,13,15,16,17,18,22,25                                           
2015-10-05_br_quina             5  80 53,62,64,73,76                                                                   
2015-10-05_ca_daily_keno_midday 20 70 1,16,17,18,19,21,26,29,30,31,32,34,35,42,43,52,53,59,61,66                       
2015-10-05_ca_daily_keno_night  20 70 3,6,8,9,12,18,20,21,24,28,36,37,45,46,50,51,64,66,68,69                          
2015-10-05_de_keno              20 70 3,4,5,8,11,14,19,20,25,33,36,38,44,51,53,56,62,63,64,69                          
2015-10-05_es_bonoloto          6  49 1,3,7,23,28,40                                                                   
2015-10-05_fr_keno_midday       20 70 1,7,9,13,15,17,19,21,26,28,29,32,39,41,47,49,52,58,65,69                         
2015-10-05_fr_keno_night        20 70 1,6,7,12,13,14,16,21,27,30,37,50,54,57,59,60,61,66,67,68                         
2015-10-05_fr_loto              5  49 13,27,28,31,42                                                                   
2015-10-05_nz_keno_1            20 80 1,4,16,17,18,23,26,29,30,45,46,56,59,61,64,67,70,71,72,78                        
2015-10-05_nz_keno_2            20 80 1,6,12,13,14,17,39,45,48,50,51,52,53,56,63,65,66,69,75,80                        
2015-10-05_nz_keno_3            20 80 11,12,18,34,36,40,41,47,50,51,54,55,57,58,65,70,71,72,74,79                      
2015-10-05_nz_keno_4            20 80 5,7,9,15,18,20,24,25,27,29,32,36,48,50,52,53,69,73,75,79                         
2015-10-05_us_ny_cash_4_life    5  60 8,20,34,41,43                                                                    
2015-10-06_au_oz_lotto          7  45 2,7,13,21,26,36,42                                                               
2015-10-06_br_dupla_sena        6  50 1,8,11,21,24,26                                                                  
2015-10-06_br_quina             5  80 15,30,37,49,62                                                                   
2015-10-06_ca_daily_keno_midday 20 70 3,4,13,14,16,17,19,22,25,31,32,36,37,41,48,50,53,54,56,70                        
2015-10-06_ca_daily_keno_night  20 70 1,4,5,7,9,10,11,23,27,28,31,33,41,45,51,54,60,63,67,68                           
2015-10-06_de_keno              20 70 1,5,6,7,13,17,22,23,25,31,33,34,36,40,48,53,60,64,67,69                          
2015-10-06_es_bonoloto          6  49 3,13,20,25,36,46                                                                 
2015-10-06_eu_euromillions      5  50 11,20,22,29,32                                                                   
2015-10-06_fr_keno_midday       20 70 1,3,4,9,11,13,15,16,21,22,26,30,35,36,42,49,54,56,63,65                          
2015-10-06_fr_keno_night        20 70 5,7,11,13,14,17,19,20,26,30,31,32,40,49,56,57,58,64,66,68                        
2015-10-06_it_super_enalotto    6  90 8,11,17,27,62,84                                                                 
2015-10-06_nz_keno_1            20 80 14,18,20,33,34,38,40,41,43,45,52,60,62,64,65,69,72,73,74,78                      
2015-10-06_nz_keno_2            20 80 8,14,21,22,27,30,31,33,40,42,43,45,47,54,63,64,70,71,75,77                       
2015-10-06_nz_keno_3            20 80 4,21,24,30,32,33,34,38,44,47,48,49,54,56,65,66,72,74,77,80                       
2015-10-06_nz_keno_4            20 80 2,3,8,11,18,19,20,23,29,30,36,37,41,43,46,57,65,66,68,70                         
2015-10-06_us_mega_millions     5  75 17,58,63,64,66                                                                   
2015-10-07_au_wednesday_lotto   6  45 14,15,19,32,33,42                                                                
2015-10-07_be_lotto             6  45 9,15,17,19,22,43                                                                 
2015-10-07_br_lotofacil         15 25 1,2,3,6,7,8,11,12,13,15,17,18,21,22,24                                           
2015-10-07_br_mega_sena         6  60 2,10,13,41,49,53                                                                 
2015-10-07_br_quina             5  80 12,38,47,77,78                                                                   
2015-10-07_ca_daily_keno_midday 20 70 4,14,15,20,23,26,29,30,32,35,38,43,47,51,56,58,60,63,66,68                       
2015-10-07_ca_daily_keno_night  20 70 3,4,5,6,8,10,11,17,19,23,26,29,30,39,42,43,51,55,59,67                           
2015-10-07_ca_loto_649          6  49 4,10,19,31,38,43                                                                 
2015-10-07_ch_loto              6  42 7,12,27,30,34,40                                                                 
2015-10-07_de_keno              20 70 3,5,6,8,11,12,15,17,20,22,37,45,50,55,57,58,59,61,62,63                          
2015-10-07_de_lotto             6  49 7,11,12,25,28,33                                                                 
2015-10-07_es_bonoloto          6  49 4,18,19,28,38,41                                                                 
2015-10-07_fr_keno_midday       20 70 1,5,8,14,15,18,20,23,24,25,32,33,34,36,39,47,50,53,59,60                         
2015-10-07_fr_keno_night        20 70 4,8,10,18,19,20,22,33,39,44,47,48,54,57,58,59,60,65,66,70                        
2015-10-07_fr_loto              5  49 2,14,27,28,29                                                                    
2015-10-07_nz_keno_1            20 80 6,10,17,18,22,31,35,38,39,42,49,52,56,57,61,64,66,72,73,74                       
2015-10-07_nz_keno_2            20 80 1,3,18,20,22,26,28,31,34,36,43,44,46,54,64,65,66,70,74,76                        
2015-10-07_nz_keno_3            20 80 3,4,10,14,16,25,33,37,42,45,49,52,56,60,64,65,69,70,77,78                        
2015-10-07_nz_keno_4            20 80 2,8,15,16,22,25,30,40,42,45,47,50,53,56,72,74,77,78,79,80                        
2015-10-07_nz_lotto             6  40 3,7,14,23,28,31                                                                  
2015-10-07_us_hot_lotto         5  47 10,27,28,33,35                                                                   
2015-10-07_us_ny_lotto          6  59 1,9,13,35,49,59                                                                  
2015-10-07_us_powerball         5  69 18,30,40,48,52                                                                   
2015-10-07_us_wild_card         5  33 3,10,16,17,32                                                                    
2015-10-08_au_powerball         6  40 5,6,13,20,27,35                                                                  
2015-10-08_br_quina             5  80 34,35,36,50,55                                                                   
2015-10-08_ca_daily_keno_midday 20 70 4,6,9,10,13,18,22,32,33,38,39,41,42,45,47,55,57,61,69,70                         
2015-10-08_ca_daily_keno_night  20 70 7,10,13,23,24,33,35,37,40,45,46,48,49,51,56,57,58,59,66,70                       
2015-10-08_de_keno              20 70 5,12,14,17,19,23,24,25,30,31,32,33,39,41,45,46,48,51,67,69                       
2015-10-08_es_bonoloto          6  49 1,2,5,12,17,43                                                                   
2015-10-08_es_la_primitiva      6  49 12,14,21,30,37,40                                                                
2015-10-08_fr_keno_midday       20 70 3,8,9,10,12,14,18,22,37,38,39,42,45,48,50,51,53,54,59,65                         
2015-10-08_fr_keno_night        20 70 5,7,9,10,11,19,21,22,26,29,39,42,44,46,48,51,54,58,67,70                         
2015-10-08_it_super_enalotto    6  90 23,32,33,55,84,90                                                                
2015-10-08_nz_keno_1            20 80 1,11,14,19,21,30,35,40,42,43,46,48,53,54,57,60,62,65,71,78                       
2015-10-08_nz_keno_2            20 80 1,9,13,20,21,22,26,29,36,42,47,52,60,67,70,71,73,75,76,79                        
2015-10-08_nz_keno_3            20 80 2,4,8,13,21,24,25,31,35,38,39,58,63,65,70,71,72,73,74,79                         
2015-10-08_nz_keno_4            20 80 2,8,11,12,14,15,18,25,32,37,39,41,48,56,59,69,70,73,74,79                        
2015-10-08_us_ny_cash_4_life    5  60 25,27,28,42,53                                                                   
2015-10-09_br_dupla_sena        6  50 13,24,27,33,36,48                                                                
2015-10-09_br_lotofacil         15 25 1,4,5,7,8,11,13,14,16,17,18,20,21,22,23                                          
2015-10-09_br_quina             5  80 4,6,21,58,73                                                                     
2015-10-09_ca_daily_keno_midday 20 70 2,5,9,13,21,22,26,33,35,41,46,53,55,56,59,63,64,66,67,69                         
2015-10-09_ca_daily_keno_night  20 70 7,8,10,16,18,20,22,23,25,28,33,45,47,48,53,57,58,60,63,68                        
2015-10-09_ca_loto_max          7  49 8,11,14,23,26,42,47                                                              
2015-10-09_de_euro_jackpot      5  50 13,14,23,26,31                                                                   
2015-10-09_de_keno              20 70 4,5,9,17,28,37,38,39,41,42,44,49,50,52,53,55,62,64,68,70                         
2015-10-09_es_bonoloto          6  49 2,5,8,9,14,17                                                                    
2015-10-09_eu_euromillions      5  50 1,40,42,43,47                                                                    
2015-10-09_fr_keno_midday       20 70 7,11,12,18,20,23,24,33,34,37,40,49,50,51,53,56,66,68,69,70                       
2015-10-09_fr_keno_night        20 70 11,13,20,21,23,26,27,30,34,35,52,53,56,57,59,62,64,66,68,70                      
2015-10-09_nz_keno_1            20 80 6,7,9,10,11,12,14,27,31,32,36,38,55,61,64,65,66,68,69,73                         
2015-10-09_nz_keno_2            20 80 3,4,5,11,16,17,22,23,26,27,30,36,37,40,48,54,57,59,60,70                         
2015-10-09_nz_keno_3            20 80 3,5,18,21,26,30,37,40,44,45,48,50,51,55,56,65,66,67,68,73                        
2015-10-09_nz_keno_4            20 80 6,7,10,13,15,29,30,31,42,44,49,54,57,60,65,67,72,73,76,78                        
2015-10-09_us_mega_millions     5  75 8,9,21,63,75                                                                     
2015-10-10_au_saturday_lotto    6  45 1,5,7,8,15,39                                                                    
2015-10-10_be_lotto             6  45 13,18,19,20,22,23                                                                
2015-10-10_br_mega_sena         6  60 3,13,14,29,33,43                                                                 
2015-10-10_br_quina             5  80 6,27,42,59,61                                                                    
2015-10-10_ca_daily_keno_midday 20 70 2,3,6,8,9,11,13,18,20,26,27,31,32,43,47,53,55,56,59,65                           
2015-10-10_ca_daily_keno_night  20 70 4,5,7,8,10,12,22,25,34,35,40,41,42,48,50,51,58,59,66,67                          
2015-10-10_ca_loto_649          6  49 8,12,22,27,35,41                                                                 
2015-10-10_ca_lottario          6  45 5,13,19,24,28,37                                                                 
2015-10-10_ch_loto              6  42 7,13,22,29,35,39                                                                 
2015-10-10_de_keno              20 70 2,5,7,9,11,13,14,18,19,21,24,25,30,45,49,62,63,65,67,70                          
2015-10-10_de_lotto             6  49 5,26,37,38,40,49                                                                 
2015-10-10_es_bonoloto          6  49 9,13,16,33,41,48                                                                 
2015-10-10_es_la_primitiva      6  49 7,11,22,23,26,30                                                                 
2015-10-10_fr_keno_midday       20 70 1,3,11,13,14,19,21,26,28,31,45,47,49,56,57,59,61,64,68,69                        
2015-10-10_fr_keno_night        20 70 4,6,10,12,16,19,30,34,36,41,42,45,46,48,53,59,62,63,66,67                        
2015-10-10_fr_loto              5  49 15,23,30,41,45                                                                   
2015-10-10_it_super_enalotto    6  90 32,41,45,47,78,90                                                                
2015-10-10_mu_loto              6  40 2,17,21,24,36,40                                                                 
2015-10-10_nl_lotto             6  45 1,5,9,11,15,30                                                                   
2015-10-10_nz_keno_1            20 80 3,5,6,8,9,13,17,21,32,35,44,59,62,65,66,67,70,72,77,79                           
2015-10-10_nz_keno_2            20 80 1,2,3,11,14,20,22,23,27,34,36,44,47,55,61,66,70,76,79,80                         
2015-10-10_nz_keno_3            20 80 7,9,15,18,19,20,23,25,28,30,31,39,41,52,55,60,67,73,77,78                        
2015-10-10_nz_keno_4            20 80 2,3,7,8,10,15,22,24,28,32,33,34,44,47,68,71,72,74,77,78                          
2015-10-10_nz_lotto             6  40 12,16,23,27,28,30                                                                
2015-10-10_uk_health_lottery    5  50 9,23,24,42,43                                                                    
2015-10-10_us_hot_lotto         5  47 9,13,15,19,22                                                                    
2015-10-10_us_ny_lotto          6  59 2,17,26,39,40,41                                                                 
2015-10-10_us_powerball         5  69 12,27,29,43,68                                                                   
2015-10-10_us_wild_card         5  33 4,13,20,21,33                                                                    
2015-10-11_ca_daily_keno_midday 20 70 1,3,6,8,10,12,15,16,20,30,43,48,51,52,54,59,62,63,67,69                          
2015-10-11_ca_daily_keno_night  20 70 6,10,12,15,18,25,32,38,39,40,44,53,56,57,58,60,61,62,67,70                       
2015-10-11_de_keno              20 70 10,16,20,23,24,27,30,31,36,38,39,43,44,48,52,57,59,61,63,64                      
2015-10-11_es_el_gordo          5  54 3,13,14,19,30                                                                    
2015-10-11_fr_keno_midday       20 70 7,9,11,12,14,15,20,21,24,25,27,36,38,48,54,58,59,63,65,70                        
2015-10-11_fr_keno_night        20 70 2,4,9,10,12,20,26,28,31,34,36,38,41,43,48,51,52,54,61,64                         
2015-10-11_nz_keno_1            20 80 3,11,12,23,25,28,30,35,36,38,39,50,51,57,58,63,68,72,76,80                       
2015-10-11_nz_keno_2            20 80 3,11,13,16,21,25,34,38,39,42,45,54,62,63,68,71,72,73,76,77                       
2015-10-11_nz_keno_3            20 80 6,8,9,10,13,25,27,33,35,36,40,51,52,53,54,55,57,60,65,70                         
2015-10-11_nz_keno_4            20 80 2,7,10,17,22,24,28,30,31,32,33,34,38,39,40,42,43,45,66,74                        
2015-10-12_au_monday_lotto      6  45 3,10,13,16,36,40                                                                 
2015-10-12_br_lotofacil         15 25 None                                                                             
2015-10-12_br_quina             5  80 None                                                                             
2015-10-12_ca_daily_keno_midday 20 70 2,6,13,14,15,18,19,21,28,29,38,39,44,49,52,56,57,61,68,70                        
2015-10-12_ca_daily_keno_night  20 70 3,6,9,10,11,17,21,23,24,27,32,37,41,47,48,51,54,56,62,69                         
2015-10-12_de_keno              20 70 5,6,7,9,13,15,20,21,22,27,30,31,36,38,39,40,44,59,61,68                          
2015-10-12_es_bonoloto          6  49 8,16,24,42,45,47                                                                 
2015-10-12_fr_keno_midday       20 70 2,3,6,16,18,23,26,31,32,33,42,46,47,51,52,55,58,62,64,67                         
2015-10-12_fr_keno_night        20 70 4,7,9,11,12,13,14,17,18,23,26,33,34,37,38,40,48,57,65,68                         
2015-10-12_fr_loto              5  49 1,3,4,16,49                                                                      
2015-10-12_nz_keno_1            20 80 13,15,17,22,23,26,29,33,37,39,40,50,52,53,54,56,60,62,73,76                      
2015-10-12_nz_keno_2            20 80 1,10,23,28,36,37,38,41,42,43,44,47,48,49,55,58,62,63,66,72                       
2015-10-12_nz_keno_3            20 80 8,9,12,18,21,25,33,38,48,49,55,58,59,61,66,68,72,76,78,79                        
2015-10-12_nz_keno_4            20 80 9,12,13,15,20,25,27,30,31,46,47,50,54,64,68,69,70,71,79,80                       
2015-10-12_us_ny_cash_4_life    5  60 28,30,36,38,39                                                                   
2015-10-13_au_oz_lotto          7  45 28,29,32,34,36,37,41                                                             
2015-10-13_br_dupla_sena        6  50 11,19,24,28,31,38                                                                
2015-10-13_br_quina             5  80 6,13,35,46,49                                                                    
2015-10-13_ca_daily_keno_midday 20 70 1,3,11,14,15,16,19,25,30,35,43,47,50,52,53,55,57,58,61,62                        
2015-10-13_ca_daily_keno_night  20 70 3,4,10,12,17,19,20,22,23,28,31,32,36,45,46,47,60,65,68,70                        
2015-10-13_de_keno              20 70 4,10,13,20,28,32,40,42,43,44,46,47,52,54,58,63,64,66,67,70                       
2015-10-13_es_bonoloto          6  49 11,19,32,35,39,44                                                                
2015-10-13_eu_euromillions      5  50 12,15,26,29,47                                                                   
